<?xml version="1.0" encoding="utf-8"?>
<Resource>
	<Version>1</Version>
	<SSkinSkeletonData>
		<Root>
			<Sub/>
			<Entity type="SSkinSkeletonData">
				<Bones count="5" ordered="true">
					<Element index="0">
						<Transform rawdata="AACAvzIxDaUyMQ2lMjENpWdnOSUAAIA/MjENpQAAgD9nZzmlEemeOzo4EDxInvq/">(-1,-0.00000000000000012,-0.00000000000000012,-0.00000000000000012,0.00000000000000016,1,-0.00000000000000012,1,-0.00000000000000016,0.00484956102445745,0.0088024679571387,-1.95795536041259766)</Transform>
						<Name>mixamorig:Neck</Name>
					</Element>
					<Element index="1">
						<Transform rawdata="AACAvzIxDaUyMQ2lMjENpWdnOSUAAIA/MjENpQAAgD9nZzmlEemeOwK2ErxwugDA">(-1,-0.00000000000000012,-0.00000000000000012,-0.00000000000000012,0.00000000000000016,1,-0.00000000000000012,1,-0.00000000000000016,0.00484956102445746,-0.00895452685654196,-2.01137924194335938)</Transform>
						<Name>mixamorig:Head</Name>
					</Element>
					<Element index="2">
						<Transform rawdata="AACAv2oqFKUY2wWlMjENpaiQTz3Nq38/MjENpc2rfz+okE+9EemeO4Eyub3SMeq/">(-1,-0.00000000000000013,-0.00000000000000012,-0.00000000000000012,0.05067506289216776,0.99871519363674188,-0.00000000000000012,0.99871519363674188,-0.05067506289216776,0.00484956102445744,-0.09042835794617939,-1.82964538970164736)</Transform>
						<Name>mixamorig:Spine2</Name>
					</Element>
					<Element index="3">
						<Transform rawdata="AACAv2oqFKUY2wWlMjENpaiQTz3Nq38/MjENpc2rfz+okE+9EemeO4Eyub3M1Nu/">(-1,-0.00000000000000013,-0.00000000000000012,-0.00000000000000012,0.05067506289216776,0.99871519363674188,-0.00000000000000012,0.99871519363674188,-0.05067506289216776,0.00484956102445743,-0.09042835694661684,-1.71743149063043199)</Transform>
						<Name>mixamorig:Spine1</Name>
					</Element>
					<Element index="4">
						<Transform rawdata="AACAv2wqFKUY2wWlMjENpcKQTz3Nq38/MjENpc2rfz/CkE+9EemeO5cyub1pQ8+/">(-1,-0.00000000000000013,-0.00000000000000012,-0.00000000000000012,0.0506751595048666,0.99871524841591197,-0.00000000000000012,0.99871524841591197,-0.0506751595048666,0.00484956102445742,-0.0904285245590105,-1.61924469989355124)</Transform>
						<Name>mixamorig:Spine</Name>
					</Element>
				</Bones>
			</Entity>
		</Root>
	</SSkinSkeletonData>
</Resource>
