<?xml version="1.0" encoding="utf-8"?>
<Resource>
	<Version>1</Version>
	<SSkinSkeletonData>
		<Root>
			<Sub/>
			<Entity type="SSkinSkeletonData">
				<Bones count="22" ordered="true">
					<Element index="0">
						<Transform rawdata="jHO8PBLTBL9WxFo/qNZNPQNlWr/a8QS/1Zt/P3bVYD0hUNM7ddi3vWBJ1j/QWW4/">(0.02300431544008939,-0.51884566541139054,0.85455835202637276,0.05025353950541504,-0.85310383049573646,-0.51931535357789416,0.99847158319484042,0.05489107283806402,0.00644876113971606,-0.08976832971692816,1.67411419638298531,0.93105793229587397)</Transform>
						<Name>mixamorig:LeftShoulder</Name>
					</Element>
					<Element index="1">
						<Transform rawdata="AACAv2oqFKUY2wWlMjENpaiQTz3Nq38/MjENpc2rfz+okE+9EemeO4Eyub3SMeq/">(-1,-0.00000000000000013,-0.00000000000000012,-0.00000000000000012,0.05067506289216776,0.99871519363674188,-0.00000000000000012,0.99871519363674188,-0.05067506289216776,0.00484956102445744,-0.09042835794617939,-1.82964538970164736)</Transform>
						<Name>mixamorig:Spine2</Name>
					</Element>
					<Element index="2">
						<Transform rawdata="AACAv2oqFKUY2wWlMjENpaiQTz3Nq38/MjENpc2rfz+okE+9EemeO4Eyub3M1Nu/">(-1,-0.00000000000000013,-0.00000000000000012,-0.00000000000000012,0.05067506289216776,0.99871519363674188,-0.00000000000000012,0.99871519363674188,-0.05067506289216776,0.00484956102445743,-0.09042835694661684,-1.71743149063043199)</Transform>
						<Name>mixamorig:Spine1</Name>
					</Element>
					<Element index="3">
						<Transform rawdata="ZvHVPeLpPb+qkSk/OZnvOSF+Kr9y9z6/bJl+P6g2oD33yY29GeKFvNqrsD8kRpw/">(0.10446433413380259,-0.74185001090225255,0.66237890706217739,0.00045699790744818,-0.66598704610375992,-0.74596321082894768,0.99452852852338725,0.07822925121919762,-0.06923287353694545,-0.01634316283437821,1.38024443732703084,1.22089049693640872)</Transform>
						<Name>mixamorig:LeftArm</Name>
					</Element>
					<Element index="4">
						<Transform rawdata="AACAvzIxDaUyMQ2lMjENpWdnOSUAAIA/MjENpQAAgD9nZzmlEemeO8wnTbws08S/">(-1,-0.00000000000000012,-0.00000000000000012,-0.00000000000000012,0.00000000000000016,1,-0.00000000000000012,1,-0.00000000000000016,0.00484956102445741,-0.01252169534564043,-1.53769445419311523)</Transform>
						<Name>mixamorig:Hips</Name>
					</Element>
					<Element index="5">
						<Transform rawdata="sv9/P//ExqvpTkg7OU5IO4KZqbvR/n+/NbSENyD/fz9Omam7toYivoEgCrofyr4/">(0.99999532901180532,-0.00000000000141234,0.00305646111886337,0.00305642017942973,-0.00517577046534188,-0.99998193468630736,0.00001581954165688,0.99998666521578694,-0.0051757459808763,-0.15871701365912466,-0.00052691258081242,1.49054329339164893)</Transform>
						<Name>mixamorig:LeftUpLeg</Name>
					</Element>
					<Element index="6">
						<Transform rawdata="sv9/P3F+8CuTTki7jk1Iu22Pzrtk/n+/dJ+ht7P+fz8uj867JJgYPvfRVDumyr4/">(0.99999532907301425,0.00000000000170881,-0.00305644109289315,-0.00305638036557761,-0.00630371875891276,-0.99997546053334219,-0.00001926694676155,0.99998013136752317,-0.00630368931469748,0.14901786659690827,0.0032473782644774,1.49055939665634551)</Transform>
						<Name>mixamorig:RightUpLeg</Name>
					</Element>
					<Element index="7">
						<Transform rawdata="Idh+P+zyVbyuicC9OWLCvUt+Eb41PHy/2ccAunlhfT8MGxK+3oOUveLg9z1hDWA/">(0.99548536347392114,-0.01305840507230068,-0.09401260110305792,-0.0949139071663482,-0.14208333051916178,-0.98529370109374004,-0.00049125921142348,0.98976856145542946,-0.14268130017222597,-0.07251714161822191,0.12103439592855539,0.87520415492979597)</Transform>
						<Name>mixamorig:LeftLeg</Name>
					</Element>
					<Element index="8">
						<Transform rawdata="1LV1P1j2Bz7zNH0+5npTvWsTcz9rb56+iT+NvseHkT6BD2s/Tp/TvQyr770ujus9">(0.95980572991211333,0.13277565815194725,0.24727230479590065,-0.05163087711475241,0.94951503417674954,-0.30944379750712103,-0.27587535837083543,0.28423902700833242,0.9182053488597175,-0.10333119432692582,-0.11702546579295552,0.11501728010230242)</Transform>
						<Name>mixamorig:LeftFoot</Name>
					</Element>
					<Element index="9">
						<Transform rawdata="f0JoP7Ig4j3+xc8+dOt+uv4odz8+YoW+hlPXvumfcT5jRGA/0/ScvTfM270i/TW+">(0.90726462344609593,0.11041392364956076,0.40580742786144602,-0.00097244160211792,0.96546926645583542,-0.2605151624887917,-0.42055910096031002,0.23596156677209115,0.87604348157264189,-0.07663884003803223,-0.10732310112933845,-0.17772343888997083)</Transform>
						<Name>mixamorig:LeftToeBase</Name>
					</Element>
					<Element index="10">
						<Transform rawdata="Hdh+P1K9Jzz6QcE9UWPCPd676L2mLX2/oNkcOgFUfj9arOm9T72APfaTyT1hiWA/">(0.99548510614033248,0.01023800861140199,0.09436412291731033,0.09491599152543188,-0.11363957727205305,-0.98897781452672029,0.00059833562069753,0.9934692897403028,-0.1140982641817959,0.06286107559136823,0.09842674304076253,0.87709625430656457)</Transform>
						<Name>mixamorig:RightLeg</Name>
					</Element>
					<Element index="11">
						<Transform rawdata="AACAv2wqFKUY2wWlMjENpcKQTz3Nq38/MjENpc2rfz/CkE+9EemeO5cyub1pQ8+/">(-1,-0.00000000000000013,-0.00000000000000012,-0.00000000000000012,0.0506751595048666,0.99871524841591197,-0.00000000000000012,0.99871524841591197,-0.0506751595048666,0.00484956102445742,-0.0904285245590105,-1.61924469989355124)</Transform>
						<Name>mixamorig:Spine</Name>
					</Element>
					<Element index="12">
						<Transform rawdata="7OSwvAQ8HL/buEo/37EPPlc8Sb/8Gxq/Gmh9P/b0yD2DJ9I9GRo/vgouwj/4NiE/">(-0.02159353361795805,-0.61029074547376971,0.79188315128872444,0.14032696292534094,-0.7860769613823515,-0.6019894968020949,0.98986972010565122,0.09812347717524129,0.10261442610568847,-0.18662299319887948,1.51703003282810212,0.62974501265384353)</Transform>
						<Name>mixamorig:LeftForeArm</Name>
					</Element>
					<Element index="13">
						<Transform rawdata="7OSwvAQ8HL/buEo/37EPPlc8Sb/8Gxq/Gmh9P/b0yD2DJ9I9GRo/vgouwj9yn4s+">(-0.02159353361795805,-0.61029074547376971,0.79188315128872444,0.14032696292534094,-0.7860769613823515,-0.6019894968020949,0.98986972010565122,0.09812347717524129,0.10261442610568847,-0.18662299451135217,1.51703001842587248,0.27270084085375879)</Transform>
						<Name>mixamorig:LeftHand</Name>
					</Element>
					<Element index="14">
						<Transform rawdata="AACAvzIxDaUyMQ2lMjENpWdnOSUAAIA/MjENpQAAgD9nZzmlEemeOzo4EDxInvq/">(-1,-0.00000000000000012,-0.00000000000000012,-0.00000000000000012,0.00000000000000016,1,-0.00000000000000012,1,-0.00000000000000016,0.00484956102445745,0.0088024679571387,-1.95795536041259766)</Transform>
						<Name>mixamorig:Neck</Name>
					</Element>
					<Element index="15">
						<Transform rawdata="AACAvzIxDaUyMQ2lMjENpWdnOSUAAIA/MjENpQAAgD9nZzmlEemeOwK2ErxwugDA">(-1,-0.00000000000000012,-0.00000000000000012,-0.00000000000000012,0.00000000000000016,1,-0.00000000000000012,1,-0.00000000000000016,0.00484956102445746,-0.00895452685654196,-2.01137924194335938)</Transform>
						<Name>mixamorig:Head</Name>
					</Element>
					<Element index="16">
						<Transform rawdata="whscPbWYBD9WxFq/QB9Ovb5kWr/a8QS/S31/vz6bgD0HUNO7JIC3Paim1T+ScXA/">(0.03811240811701787,0.51795511756678192,-0.85455833067959908,-0.05032276936138566,-0.85309972792301747,-0.51931538885485995,-0.99800554268567199,0.06279610182212446,-0.00644874907425639,0.08959988107574056,1.66914840912614437,0.93923294269415147)</Transform>
						<Name>mixamorig:RightShoulder</Name>
					</Element>
					<Element index="17">
						<Transform rawdata="Gko4Pnp+Oz/nGii/hzAXPfMPLL9jUT2/iKR7v7ru3j0OjBe+Pc4lvTsCsT8qm5s/">(0.1799701791388045,0.73239862758975138,-0.65666047918646331,0.03691151449952671,-0.67211837211790626,-0.73952311252517788,-0.98297928498931142,0.10885377423968527,-0.14799520639425381,-0.04047988821890112,1.38288059658446993,1.21567267673882062)</Transform>
						<Name>mixamorig:RightArm</Name>
					</Element>
					<Element index="18">
						<Transform rawdata="90N0P2MyF75lSoW+ZBRqPTyXcT++zaa+1GqWPliKlz5JrWg/kX+2PXue9r2ZWM49">(0.95416208247925249,-0.14765315278473584,-0.26033320065395299,0.05714835369433119,0.9437139151509456,-0.32578844732407514,0.29378377293203956,0.29597735187544633,0.90889411497018568,0.08911050321534644,-0.12041946589208236,0.10075492501933958)</Transform>
						<Name>mixamorig:RightFoot</Name>
					</Element>
					<Element index="19">
						<Transform rawdata="tiNnP13e9L01adO+V6fTOzPWdj8PuIe+JhLcPuFYcj5TEF8/E9OCPas23r3GazW+">(0.90288865214491676,-0.11956475008123135,-0.41291204156591499,0.00645915742309735,0.9642059099366953,-0.26507612747393183,0.4298259660761774,0.23666717767882875,0.87134281001985214,0.06387915248668866,-0.10850270620704008,-0.17716892915220467)</Transform>
						<Name>mixamorig:RightToeBase</Name>
					</Element>
					<Element index="20">
						<Transform rawdata="nEdNPd15Gj+KvEu/movZveYCSr9m4Rq/ZDp+v9M66z1/HMk8TC0JPkknwj+XmCM/">(0.05011712077716223,0.60342199932163154,-0.79584561344729821,-0.10622330143552947,-0.78910675060804758,-0.6050018099235619,-0.99307848855825309,0.11485829042560909,0.02454972006375132,0.13396185922027715,1.51682394706087864,0.63904707778581216)</Transform>
						<Name>mixamorig:RightForeArm</Name>
					</Element>
					<Element index="21">
						<Transform rawdata="nEdNPd15Gj+KvEu/movZveYCSr9m4Rq/ZDp+v9M66z1/HMk8TC0JPkknwj+wS5E+">(0.05011712077716223,0.60342199932163154,-0.79584561344729821,-0.10622330143552947,-0.78910675060804758,-0.6050018099235619,-0.99307848855825309,0.11485829042560909,0.02454972006375132,0.13396185765770269,1.51682394711228041,0.28378057374122606)</Transform>
						<Name>mixamorig:RightHand</Name>
					</Element>
				</Bones>
			</Entity>
		</Root>
	</SSkinSkeletonData>
</Resource>
