<?xml version="1.0" encoding="utf-8"?>
<Resource>
	<Version>1</Version>
	<SSkinSkeletonData>
		<Root>
			<Sub/>
			<Entity type="SSkinSkeletonData">
				<Bones count="52" ordered="true">
					<Element index="0">
						<Transform rawdata="AACAvzIxDaUyMQ2lMjENpWdnOSUAAIA/MjENpQAAgD9nZzmlzS08JQZHUTy6mKq/">(-1,-0.00000000000000012,-0.00000000000000012,-0.00000000000000012,0.00000000000000016,1,-0.00000000000000012,1,-0.00000000000000016,0.00000000000000016,0.01277328096330144,-1.33278584480285645)</Transform>
						<Name>mixamorig:Hips</Name>
					</Element>
					<Element index="1">
						<Transform rawdata="AACAv3shFaWfxwSlMjENpRUsbT0Lkn8/MjENpQuSfz8VLG29bLhOJSHvg70LPru/">(-1,-0.00000000000000013,-0.00000000000000012,-0.00000000000000012,0.05790336823483459,0.99832219245445064,-0.00000000000000012,0.99832219245445064,-0.05790336823483459,0.00000000000000018,-0.06442094396674632,-1.46283095734955926)</Transform>
						<Name>mixamorig:Spine</Name>
					</Element>
					<Element index="2">
						<Transform rawdata="AACAv3ohFaWfxwSlMjENpQ4sbT0Lkn8/MjENpQuSfz8OLG29JVpkJRvvg73K4s6/">(-1,-0.00000000000000013,-0.00000000000000012,-0.00000000000000012,0.05790334224523298,0.99832219396186495,-0.00000000000000012,0.99832219396186495,-0.05790334224523298,0.0000000000000002,-0.06442089966196722,-1.61629610385496103)</Transform>
						<Name>mixamorig:Spine1</Name>
					</Element>
					<Element index="3">
						<Transform rawdata="AACAv3ohFaWfxwSlMjENpQ4sbT0Lkn8/MjENpQuSfz8OLG29+RJ9JRvvg73vVeW/">(-1,-0.00000000000000013,-0.00000000000000012,-0.00000000000000012,0.05790334224523298,0.99832219396186495,-0.00000000000000012,0.99832219396186495,-0.05790334224523298,0.00000000000000022,-0.06442089831408807,-1.79168497693547124)</Transform>
						<Name>mixamorig:Spine2</Name>
					</Element>
					<Element index="4">
						<Transform rawdata="AACAvzIxDaUyMQ2lMjENpWdnOSUAAIA/MjENpQAAgD9nZzmlc3GMJTVPUD1YpP6/">(-1,-0.00000000000000012,-0.00000000000000012,-0.00000000000000012,0.00000000000000016,1,-0.00000000000000012,1,-0.00000000000000016,0.00000000000000024,0.05085678771138159,-1.98939037322998047)</Transform>
						<Name>mixamorig:Neck</Name>
					</Element>
					<Element index="5">
						<Transform rawdata="AACAvzIxDaUyMQ2lMjENpWdnOSUAAIA/MjENpQAAgD9nZzml+CGTJfbz9ruvYgXA">(-1,-0.00000000000000012,-0.00000000000000012,-0.00000000000000012,0.00000000000000016,1,-0.00000000000000012,1,-0.00000000000000016,0.00000000000000026,-0.00753640662878785,-2.08414816856384277)</Transform>
						<Name>mixamorig:Head</Name>
					</Element>
					<Element index="6">
						<Transform rawdata="UJu9POLux764mWs/nQZtPXAia79oSMi+mIB/PyQ5fz3MY686DtODvf5M6j/XzjA/">(0.02314534798507924,-0.39049439177856748,0.92031431643426465,0.05786763542011777,-0.9184942400112398,-0.39117741295451652,0.99805592510516861,0.0623103543960548,0.00133811820993368,-0.0643673982917419,1.83047463843156,0.69065615480821929)</Transform>
						<Name>mixamorig:LeftShoulder</Name>
					</Element>
					<Element index="7">
						<Transform rawdata="mF+XPEm7T79kiRU/Wg9APbQ3Fb8Gq0+/t6x/P7iVLT1Fdt88Cg0uvUUspj/W9rE/">(0.01847819893517195,-0.81145147859716882,0.58412763564258474,0.04688964182113813,-0.58288121334191367,-0.81120338452741003,0.99872915129878803,0.04237911060329937,0.02727807579684791,-0.04249290491091175,1.29822605680039316,1.39034531199839506)</Transform>
						<Name>mixamorig:LeftArm</Name>
					</Element>
					<Element index="8">
						<Transform rawdata="ol3JvlXpS7/yG+s+ng+PPsNRFL8aA0S/vTxgP035ML44nuY+sJlxvtd4oz+zFYU/">(-0.39329247759575209,-0.79652909611365486,0.45919758940020461,0.2794160182397562,-0.57937256640878187,-0.76567233072897578,0.87592677537430896,-0.17282600596341333,0.45042586054210876,-0.23593783303844523,1.27712528652189761,1.03972465646971335)</Transform>
						<Name>mixamorig:LeftForeArm</Name>
					</Element>
					<Element index="9">
						<Transform rawdata="s6epvoYXZ79show+032hPiCiwr6hll6/F6RjP+VgTr6kRdI+kGalvuG8iT+zpHU/">(-0.33135756125848848,-0.90270271803609092,0.27446305661615095,0.31541308071106106,-0.38014316874014498,-0.86948591695125166,0.88922255657016736,-0.20154149476089289,0.41068755858482031,-0.32304811529483968,1.07607660329859889,0.95954433545758044)</Transform>
						<Name>mixamorig:LeftHand</Name>
					</Element>
					<Element index="10">
						<Transform rawdata="szbVvhEsaL+3vYI9r3InP3j8sb4X+yu/iachPyi3c74H7Dw/7So0vzb6hD/SPjU/">(-0.41643294564382521,-0.90692241057742695,0.0638384130037393,0.6540936807608454,-0.34762930577902174,-0.67180006144114379,0.63146263434279015,-0.23800337593409149,0.73797651349676396,-0.70378001817504932,1.03888579702152772,0.70798983045045638)</Transform>
						<Name>mixamorig:LeftHandThumb1</Name>
					</Element>
					<Element index="11">
						<Transform rawdata="szbVvuR+Zr9dKgG+r3InP/AlTb4Aujq/iachP+jCxb6VHyw/1Bw1v7iyYT+EU1k/">(-0.41643294564382527,-0.90037367973115057,-0.12613817277015893,0.6540936807608454,-0.20034003136074224,-0.72940066398592351,0.63146263434279015,-0.38625264876990084,0.67235692362546506,-0.70747111506418126,0.88163329455621686,0.84893062201486491)</Transform>
						<Name>mixamorig:LeftHandThumb2</Name>
					</Element>
					<Element index="12">
						<Transform rawdata="szbVvoG+aL9Vzog7r3InP8oGm753czG/iachPw1lkr77gzg/oRE1v3eafD++lCk/">(-0.41643294564382527,-0.90915684634957494,0.00417498719788434,0.6540936807608454,-0.30278617729496027,-0.69316808035846122,0.63146263434279004,-0.28592719278655626,0.72076388772888955,-0.7073002342440009,0.9867319711416791,0.66242587762941429)</Transform>
						<Name>mixamorig:LeftHandThumb3</Name>
					</Element>
					<Element index="13">
						<Transform rawdata="pSIavvvbOL9j2iy/KKMjvnAYMT/KRjS/ScF5PwMe+TqNymC+i3I+PCRyoL7sKKY/">(-0.15052278292695417,-0.72210662573845552,-0.6752073110419845,-0.15980207869999297,0.69177916182299704,-0.70420514547298863,0.97560554911454167,0.001900613609867,-0.21952266444451629,0.01162398905395556,-0.31337082177948672,1.29812378821456287)</Transform>
						<Name>mixamorig:LeftHandIndex1</Name>
					</Element>
					<Element index="14">
						<Transform rawdata="pSIaviAOcr8gypO+KKMjvgZxnz5lzm+/ScF5P1dNwr0MuUq+Qcg6PFswkT5DQqU/">(-0.1505227829269542,-0.94552801723931823,-0.28865145146943039,-0.15980207869999299,0.31140918183936706,-0.93674309023835212,0.97560554911454167,-0.09487407486568661,-0.1979715193033933,0.01140028292011325,0.28357204296365679,1.29108462654951439)</Transform>
						<Name>mixamorig:LeftHandIndex2</Name>
					</Element>
					<Element index="15">
						<Transform rawdata="pSIavgfpQr9DbyG/KKMjvtbxJT81lz6/ScF5P10AObyJgGC+Zok9PGh4a75UvaQ/">(-0.1505227829269542,-0.76136820937636052,-0.63060398744052515,-0.15980207869999299,0.64822137401301716,-0.7444947360393197,0.97560554911454178,-0.01129159084057508,-0.21924032075134869,0.01156840331351383,-0.22995150745502024,1.28702777666983637)</Transform>
						<Name>mixamorig:LeftHandIndex3</Name>
					</Element>
					<Element index="16">
						<Transform rawdata="FYe2vsvEbb/Ah8+9eg7MPg1rWb1uZWq/lFNYP0jNu76RNsc+Y7bPvjPyQz8M5IU/">(-0.35649934006939626,-0.92878405157134869,-0.10133314401909885,0.39854794288903478,-0.05308060701106117,-0.91561017162232095,0.84502530006444398,-0.36680053803947421,0.38908817451183048,-0.40568839005816693,0.76541441999332527,1.0460219437244298)</Transform>
						<Name>mixamorig:LeftHandMiddle1</Name>
					</Element>
					<Element index="17">
						<Transform rawdata="FYe2vmZyUb8P/ea+eg7MPmltmz4xjl2/lFNYP1sH+r42FF8+0DLOvivxoT7HZ50/">(-0.35649934006939632,-0.81815182327109326,-0.45114943711399136,0.39854794288903483,0.30356911592408314,-0.86545093972794862,0.8450253000644441,-0.4883373689727798,0.21785053664322168,-0.40273142842094201,0.3162930895072672,1.22972951127388463)</Transform>
						<Name>mixamorig:LeftHandMiddle2</Name>
					</Element>
					<Element index="18">
						<Transform rawdata="FYe2vlqoY7+qrpK+eg7MPovFBz7DUmi/lFNYPyob4L6CQ50+tK7PvgsPCj8dto4/">(-0.35649934006939621,-0.88928756714748936,-0.28648881906103169,0.39854794288903483,0.1325895111691556,-0.90751284219389583,0.84502530006444387,-0.43770725884410905,0.30715565729149846,-0.40562976218001279,0.53929202573900026,1.11493263942085696)</Transform>
						<Name>mixamorig:LeftHandMiddle3</Name>
					</Element>
					<Element index="19">
						<Transform rawdata="9bqzvhNSZr8i24S+oHjCPnmM7j0T7mq/ABpbP11m175rB5o+YlG2voo2DD8ko5c/">(-0.3510357376941593,-0.89968982661452479,-0.2594843632561693,0.379826538944463,0.11647886550834448,-0.9176952514844986,0.8558654749287341,-0.42070285211324099,0.30083784641837141,-0.35608964175874702,0.54770718802051899,1.1846661236450009)</Transform>
						<Name>mixamorig:LeftHandRing1</Name>
					</Element>
					<Element index="20">
						<Transform rawdata="9bqzvklFWL8nws6+oHjCPusMiD6W1WK/ABpbP0fJ7b5vEGk+kbm1vt67sz4y4Zw/">(-0.3510357376941593,-0.84480723508742672,-0.40382501953872868,0.37982653894446294,0.2657235447588755,-0.88607155358596645,0.85586547492873422,-0.46442624097343499,0.22760174762135979,-0.35493137922869855,0.35104268494435065,1.22562235762962213)</Transform>
						<Name>mixamorig:LeftHandRing2</Name>
					</Element>
					<Element index="21">
						<Transform rawdata="9bqzviMuYL8ov6m+oHjCPg0IQz61vWe/ABpbP08s475UEYg+9E22vo115j7wwZQ/">(-0.3510357376941593,-0.87570396687826002,-0.33153653381670728,0.379826538944463,0.19046039802633941,-0.90523844212291316,0.85586547492873422,-0.44369741849297217,0.26575720055660695,-0.35606347117580994,0.45011559549557806,1.16216845800954416)</Transform>
						<Name>mixamorig:LeftHandRing3</Name>
					</Element>
					<Element index="22">
						<Transform rawdata="iVK2vok2ab/iEFW+j1jLPsI1XT1liWq/dIlYP9FY0b4zZq8++sOvvnLUGj/mZpQ/">(-0.35609844558210269,-0.9109883920542281,-0.20807221485931926,0.39716002602986356,0.05400634646039483,-0.91615895360246213,0.84584739213286508,-0.40888074555358112,0.3425765974750456,-0.34329206152003089,0.60480414668422677,1.15939021545581378)</Transform>
						<Name>mixamorig:LeftHandPinky1</Name>
					</Element>
					<Element index="23">
						<Transform rawdata="iVK2vj0JYL9Gu6e+j1jLPtbPMz5smma/dIlYP+XZ5r7l8JE+youvvic25j6l6pg/">(-0.35609844558210269,-0.87514095924859003,-0.32760066925979858,0.39716002602986344,0.17559751305007756,-0.90079377614112421,0.84584739213286475,-0.45088115380450922,0.28504100470975408,-0.34286339064382054,0.44963191154285254,1.19466078330038306)</Transform>
						<Name>mixamorig:LeftHandPinky2</Name>
					</Element>
					<Element index="24">
						<Transform rawdata="iVK2vicSbb+j4P+9j1jLPslD7byq02q/dIlYPyWmwL49l8E+5D+wvl2mMj+o7YQ/">(-0.35609844558210269,-0.92605823191133152,-0.12494017833855062,0.3971600260298635,-0.02896298586432185,-0.91729224305767532,0.84584739213286486,-0.37626758637847307,0.3781069857367752,-0.34423744154425007,0.69785100666300459,1.03850265294723787)</Transform>
						<Name>mixamorig:LeftHandPinky3</Name>
					</Element>
					<Element index="25">
						<Transform rawdata="w17VPOzWxz65mWu/LQNtvXMia79oSMi+7Ht/v+rtgT0PZK+6c9GDPeRO6j/sxTA/">(0.02604616336993145,0.39031158401560478,-0.92031438417784539,-0.05786435836991992,-0.91849440464731047,-0.39117740592140188,-0.99798462583556091,0.06344206817887164,-0.00133812602416023,0.06436433576127074,1.83053252904874908,0.69052003040732834)</Transform>
						<Name>mixamorig:RightShoulder</Name>
					</Element>
					<Element index="26">
						<Transform rawdata="u9HLPGqyTz8ihhW/U8ZhvcYOFb9/pk+/DIh/v02IVj2YrPc8pz1xPVgWpj+M+LE/">(0.0248802806113401,0.81131614663468532,-0.58407797582732612,-0.05512077710198515,-0.58225669285341741,-0.81113429440449292,-0.99816966071323476,0.05237608077402185,0.03023366657186811,0.05889668870816316,1.29755688818204473,1.39039754403568394)</Transform>
						<Name>mixamorig:RightArm</Name>
					</Element>
					<Element index="27">
						<Transform rawdata="ka3Jvp+9Sz/0buu+olGNviZhFL9LSES/dHFgv31MM75KXeU+ZgFsPkR6oz+oO4U/">(-0.39390233599935531,0.79586213143509787,-0.45983088483482204,-0.27601343702250414,-0.57960736155628201,-0.76672808680299853,-0.87673116305813814,-0.17509647105909545,0.44797736267443122,0.23047409134487765,1.27716877345564184,1.04088307902889876)</Transform>
						<Name>mixamorig:RightForeArm</Name>
					</Element>
					<Element index="28">
						<Transform rawdata="E78GvkkSbz9lP6q+z9jEvhrqtr6+6Fm/C+lpvwCygTw95s8+Xb4JPyMihT+4nmY/">(-0.13158826637719945,0.93387277688471437,-0.33251490905743813,-0.38446662144737315,-0.35725479148914985,-0.85120763092848661,-0.91371217850299324,0.0158319471852712,0.40605345005754756,0.53806094352546385,1.04010430250761399,0.90085933296091536)</Transform>
						<Name>mixamorig:RightHand</Name>
					</Element>
					<Element index="29">
						<Transform rawdata="8QuFvg2vdj8kcIC9yFY1v9j6b77hciq/JgIov9utA750VD4/SWVfP2CPaD/AODM/">(-0.25985672509104824,0.96360855634930997,-0.0627138944361971,-0.70835541149988646,-0.23435532490039357,-0.66581543440330193,-0.65628278464681833,-0.12859289179900282,0.74347614269389173,0.87263921059283422,0.90843775483481637,0.70008469685606345)</Transform>
						<Name>mixamorig:RightHandThumb1</Name>
					</Element>
					<Element index="30">
						<Transform rawdata="8QuFviSydD/xiww+yFY1v8qWvL2kJzO/JgIovz7jjr4YdTM/WDxgP+TbQT+R9E8/">(-0.25985672509104824,0.95584319401027928,0.13725258062850101,-0.70835541149988634,-0.09208448000133287,-0.69982359172988085,-0.65628278464681833,-0.27907747491890472,0.7010054704273756,0.87592079835712156,0.75726152966438931,0.81232556570409165)</Transform>
						<Name>mixamorig:RightHandThumb2</Name>
					</Element>
					<Element index="31">
						<Transform rawdata="8QuFviGidT8ms969yFY1vyYpiL4tYie/JgIovxk3vr3Urz8/FhBgPw2tbD8tCws/">(-0.25985672509104818,0.95950511499020263,-0.1087401339551943,-0.70835541149988646,-0.26593892850331163,-0.65384179837735767,-0.65628278464681822,-0.09287852611959714,0.74877665960022377,0.87524548049930062,0.924515563501356,0.54313927368387294)</Transform>
						<Name>mixamorig:RightHandThumb3</Name>
					</Element>
					<Element index="32">
						<Transform rawdata="PoMAviGnej8fzSM+LN28vlY51D2Ydmy/hcRrv5ggM76zQrI+PGQTP8mFEz9CL48/">(-0.12550064188465718,0.97911270995116095,0.15996216748513614,-0.36887491575392373,0.10362498819337809,-0.92368461948798963,-0.92096742864412684,-0.17492902284645626,0.34816511586327142,0.57574822478707721,0.57626016151383275,1.11862967952249082)</Transform>
						<Name>mixamorig:RightHandIndex1</Name>
					</Element>
					<Element index="33">
						<Transform rawdata="PoMAvtJ8Yj9E2OU+LN28vubCwT65VFm/hcRrv5ZVi74lxo4+2TQTP9u3Yj66Z5o/">(-0.1255006418846572,0.88471711599309188,0.44891559945383963,-0.36887491575392378,0.37844008332220341,-0.84894900676263974,-0.92096742864412684,-0.27213733298456066,0.27885546163510477,0.57502512682565798,0.22140448517697764,1.2062905073901149)</Transform>
						<Name>mixamorig:RightHandIndex2</Name>
					</Element>
					<Element index="34">
						<Transform rawdata="PoMAvo/qdz+vl1w+LN28vkjEHz4Fkmq/hcRrvz8gR77v36w+LHcTP2hiAT9tZYo/">(-0.1255006418846572,0.96842283815798702,0.21542236953984986,-0.36887491575392367,0.15602218823124661,-0.9162905595539671,-0.92096742864412695,-0.19445895020173998,0.33764598794316247,0.57603716218908696,0.50540782981223908,1.0812202208793058)</Transform>
						<Name>mixamorig:RightHandIndex3</Name>
					</Element>
					<Element index="35">
						<Transform rawdata="4oUAvugYej8g3DA+j+C8vnDa7D1LGGy/wMNrvwTGN74bF7E+ez8KP+lwED+TrZA/">(-0.12551071683706724,0.97694252094603473,0.17271470906281344,-0.36890075956251767,0.11565101433037746,-0.92224566818096387,-0.92095563929716151,-0.17946630227416396,0.34587939631437331,0.54003111885290489,0.56422285590634624,1.13029700611171968)</Transform>
						<Name>mixamorig:RightHandMiddle1</Name>
					</Element>
					<Element index="36">
						<Transform rawdata="4oUAvvL5Zz9mys4+j+C8vvSqqz5V7F2/wMNrvyH+g746m5U+cgIKP57ckT5/TJg/">(-0.12551071683706716,0.90615760057738837,0.40388793355939195,-0.36890075956251761,0.33528865010331504,-0.86688739217160971,-0.92095563929716129,-0.25779822347666986,0.29219990831454734,0.53909978768865008,0.28488629670002902,1.18983449971570754)</Transform>
						<Name>mixamorig:RightHandMiddle2</Name>
					</Element>
					<Element index="37">
						<Transform rawdata="4oUAvlkcbj+XtrA+j+C8vobyjj6l9GK/wMNrvx1SdL6uvJ0++y4KP0hXtz5TIJE/">(-0.12551071683706724,0.93012006733148511,0.34514304325354589,-0.36890075956251761,0.27919407141778346,-0.8865454867514464,-0.92095563929716129,-0.23859449036479274,0.30808015128261951,0.53977938949938942,0.35808776985166596,1.13379893552463296)</Transform>
						<Name>mixamorig:RightHandMiddle3</Name>
					</Element>
					<Element index="38">
						<Transform rawdata="GLq6vexpeT/DDVM+y7SPvnqZMT4kqnG/K5l0v4NfE76m6YM+mz3ePiqw9j5uQJk/">(-0.09117525738930853,0.97427250080536287,0.20610718492689317,-0.28067621351566963,0.17343703283995507,-0.94400241791978956,-0.95546215812375301,-0.14391903909537698,0.25764196570512843,0.43406376998215945,0.48181278222016416,1.1972787949651893)</Transform>
						<Name>mixamorig:RightHandRing1</Name>
					</Element>
					<Element index="39">
						<Transform rawdata="GLq6vVA6bT8as7o+y7SPvuWipz6a+Ga/K5l0vygKPb6pxGs+yRLePvPLkD5qy5w/">(-0.09117525738930853,0.92667099976070288,0.36464768015509536,-0.28067621351566968,0.327414650047123,-0.90223085188937446,-0.9554621581237529,-0.18460906027879398,0.23024239239653732,0.43373705987629896,0.28280599922732014,1.22495767143873824)</Transform>
						<Name>mixamorig:RightHandRing2</Name>
					</Element>
					<Element index="40">
						<Transform rawdata="GLq6vbRBcT93wqQ+y7SPvjJKkj7ZkWq/K5l0vzoJMr4aL3Q+XTPePtyarD7gtJY/">(-0.09117525738930853,0.94240878231874514,0.32179614579496374,-0.28067621351566968,0.28572230381297287,-0.91628796143478475,-0.95546215812375301,-0.1738633144522081,0.23846092401312433,0.43398562801241009,0.33711897795101448,1.17739490697498295)</Transform>
						<Name>mixamorig:RightHandRing3</Name>
					</Element>
					<Element index="41">
						<Transform rawdata="rjOzvRl9fj+jZIM9uNuKvrp1HD0TNna/k2J1vwb8z73EU4g+ssbIPnTrIj/wj5I/">(-0.08750091457302468,0.99409632100435941,0.06415679632339741,-0.27120756991920336,0.03819820853254143,-0.96176262709850857,-0.95853536396285588,-0.10155491829794429,0.26626406930356417,0.39214093747335899,0.63640524117784747,1.14501766621378009)</Transform>
						<Name>mixamorig:RightHandPinky1</Name>
					</Element>
					<Element index="42">
						<Transform rawdata="rjOzvYYzcD/DUas+uNuKvo3+mT75EGq/k2J1v6zZLr7ZoGk+bXPIPl34nT6bZJ4/">(-0.08750091457302472,0.93828618862922641,0.33460815617154993,-0.27120756991920347,0.3007701851509626,-0.91432146958429028,-0.9585353639628561,-0.17075222971280876,0.2281526508298766,0.39150563378951048,0.30853547523604813,1.23744523183184918)</Transform>
						<Name>mixamorig:RightHandPinky2</Name>
					</Element>
					<Element index="43">
						<Transform rawdata="rjOzvScicD8Rs6s+uNuKvl9dmj5bAWq/k2J1v/0IL75pfWk+B6HIPo17nT6xCZo/">(-0.08750091457302468,0.93802110928244453,0.33535054568229955,-0.27120756991920342,0.30149362124848883,-0.91408317475216272,-0.95853536396285588,-0.17093272035220344,0.22801745798423145,0.39185352951040103,0.30758324357592898,1.20342075492198353)</Transform>
						<Name>mixamorig:RightHandPinky3</Name>
					</Element>
					<Element index="44">
						<Transform rawdata="IY5/P8uzbK68WnE9UCxxPQ/AHr35XH+/EqsVO8POfz9xeR69XZ1Yvl0rAj3v358/">(0.99826244669607167,-0.00000000005381988,0.05892442207075481,0.05888014923852283,-0.03875737976741214,-0.99751240278919928,0.00228375612133504,0.99924871014320782,-0.03869003444487085,-0.21153778913381385,0.03177963723237015,1.24902146420282723)</Transform>
						<Name>mixamorig:LeftUpLeg</Name>
					</Element>
					<Element index="45">
						<Transform rawdata="aeZ/P9Yxubolm+Q8FLrkPORZQTzj4X+/vvGNOl/7fz8J7EE8D0JDvou1Hrv1IS0/">(0.99960955294276432,-0.00141292325901963,0.02790601021759326,0.02792076085593837,0.01180121720781667,-0.9995405351887463,0.00108294911797094,0.99992936496548501,0.01183606005519312,-0.19068168288330417,-0.00242170936495342,0.67629937122145267)</Transform>
						<Name>mixamorig:LeftLeg</Name>
					</Element>
					<Element index="46">
						<Transform rawdata="+eN/P0V0n7zVyLI8orvjPHU0XT9OqQC/2LAUvPrCAD+zP10/CDlDvmwkyb3mvFs9">(0.99957232323652589,-0.01946462048468813,0.02182427934482858,0.02779943086089152,0.86408168548673447,-0.50258335870799997,-0.00907536574164171,0.50297511802850725,0.86425324319950603,-0.19064724597594987,-0.09821400220413268,0.05364694475388405)</Transform>
						<Name>mixamorig:LeftFoot</Name>
					</Element>
					<Element index="47">
						<Transform rawdata="+31+P3K+rz3SkYc9N6WlvZJ1fj/dUJe9Db2TvaN1iz29vH4/Cw41vt57J71MeEW+">(0.99410980166390017,0.08581246101495346,0.06619610086944838,-0.08088152792704167,0.99398150332715873,-0.07388470398985864,-0.07213792813734166,0.06809546664822078,0.99506739809221612,-0.17681138596391974,-0.04088961255311248,-0.19284170253350638)</Transform>
						<Name>mixamorig:LeftToeBase</Name>
					</Element>
					<Element index="48">
						<Transform rawdata="MI5/Pwz1PK8MS3G96AxxvXauN71fTH+/FSEtuxK+fz/MXDe9oJZYPmGZGD0q3J8/">(0.99826332972864551,-0.00000000017185558,-0.05890946035296925,-0.05885019725440798,-0.04484411197585134,-0.99725907361337918,-0.00264174226512099,0.99899399678931899,-0.04476623254985131,0.21151209239938912,0.03725565015711106,1.24890640943355025)</Transform>
						<Name>mixamorig:RightUpLeg</Name>
					</Element>
					<Element index="49">
						<Transform rawdata="aOZ/P7qivTqoneS8TLHkvGyt4jvk5H+/40Ckul3+fz+T6eM7oUBDPvgDEzvfIi0/">(0.99960947102129383,0.00144680516221963,-0.02790720694286103,-0.02791657300629401,0.00691764615386102,-0.99958631999606429,-0.00125315446508114,0.99997502615140976,0.00695533445451048,0.19067622998261266,0.0022432785422839,0.67631332066481886)</Transform>
						<Name>mixamorig:RightLeg</Name>
					</Element>
					<Element index="50">
						<Transform rawdata="9eN/P4v2oDz+hLG8BRrkvAK7XT9ugf++BNwSPIe0/z6Txl0/B0RDPsNfxb3cpGg9">(0.99957207912558999,0.01964881075225316,-0.02166986083405496,-0.02784443779645894,0.86613475649400151,-0.49903433837450067,0.00896358836316666,0.49942417625611474,0.86631122944041117,0.19068919858076033,-0.09637405659847073,0.05679784536722225)</Transform>
						<Name>mixamorig:RightFoot</Name>
					</Element>
					<Element index="51">
						<Transform rawdata="zlp+P6TCub3hroq9rDCvPaFTfj+vypq9FtGXPQPvjT2urX4/TbM0PqyIK71lSkO+">(0.99357305170674781,-0.09070328050654736,-0.06771636710667513,0.08554205144608336,0.99346360516890364,-0.0755818980986727,0.07412926788075067,0.0693035360580927,0.99483766993162059,0.17646522329585593,-0.04187838903540051,-0.19071347286328916)</Transform>
						<Name>mixamorig:RightToeBase</Name>
					</Element>
				</Bones>
			</Entity>
		</Root>
	</SSkinSkeletonData>
</Resource>
